150.36
162.48
254.4
118.72
420.6
192.08
296.16
297.76
285.2
516.6
306.32
545.68
721.52
526.04
797.56
638.88
694.12
1012.92
896.96
1087.84
1498.56
1643.52
1878.88
2460.88
2485.0
3050.72
2366.52
3946.64
4024.44
3641.84
4767.2
3401.16
5700.12
4549.52
5272.48
4812.36
5519.52
4873.96
6178.64
6457.2
5006.56
7176.28
7470.28
7701.68
9411.64
7751.24
10384.6
11273.28
8802.36
14143.72
14191.88
16006.6
15113.64
17477.12
18035.56
19557.36
18903.52
20912.92
20348.04
18681.16
17916.56
18788.64
20119.6
19660.88
