1998
754
354
780
1216
606
31512
9518
9468
8852
27500
13300
10482
13462
24888
13296
11586
26092
22828
11032
13516
34796
13176
26356
20684
16078
36564
22688
29436
19972
21336
10672
15398
29464
14926
23956
27836
12100
32476
11592
28520
26324
17396
20268
20388
13712
19024
11404
17846
12422
23620
15276
16186
29328
28760
23784
13032
26152
23908
18128
36156
14352
14420
24732
22468
18356
13204
30956
21392
23640
30016
28512
22964
13700
30248
31748
12742
12818
14988
23320
32208
18036
18132
18772
14722
11142
10996
20036
15134
28148
28392
11828
22524
31772
23368
