4
-716
-724
-756
Generating new networks

----BEST STRUCTURE OF GENERATION----
0.4056672,0.45281455,0.41745153,-0.186663,0.5177402,-0.019593017,0.92642117,0.42563784,0.46882072,0.11293638,0.26595676,0.95492715,0.519519,0.6247073,1.1211354,0.9707698,-0.44508457,0.67360955,0.54198724,0.52825785;
1.1448481,0.32395446,0.43533286,0.171983;
0.6137319,0.57889193,0.17014475,0.15277432,0.81128407,0.2935133,0.02281703,0.41423106,0.40691647,0.045140125,0.13421454,0.726043,0.8711775,0.31045178,1.0090799,1.1936306;
0.44437933,0.35328573,0.57198733,-0.25558797;
0.8316163,1.1354859,0.41312456,0.9608317,1.0185766,0.9486304,0.76044846,-0.19870205;
0.8452376,-0.3317436;
-0.25397864,-0.66747576;
----END OF STRUCTURE----

----BEST STRUCTURE OF GENERATION----
0.3888485,0.4670087,0.40489706,-0.696066,0.5618908,0.0971389,0.6432911,0.20298189,0.36380297,-0.058947094,0.011857459,1.0735017,0.42422554,0.62486535,0.7938114,0.90856606,-0.4321479,0.35739282,0.3270737,0.55438626;
1.1254717,0.21643706,0.3854219,0.070301846;
0.43313795,0.5485385,0.017394848,0.041371427,0.8564464,0.15394552,-0.15156299,0.18797937,0.34163895,-0.086393595,0.022403857,0.5307641,0.7457324,0.34385943,0.9054516,1.1251208;
0.46413267,0.24293725,0.47204724,-0.21009006;
0.66581184,1.0209312,0.2996177,0.8429038,1.1201339,0.78511816,0.47499368,-0.11369762;
0.67522717,-0.36939645;
-1.4059213,-0.7055838;
----END OF STRUCTURE----

----BEST STRUCTURE OF GENERATION----
0.7235708,0.8616943,0.31421968,0.5180695,0.97000116,0.7537727,0.51491165,-0.31716913,0.34585208,-0.13103363,0.5680018,0.8128567,0.6267853,0.22503917,0.2409431,0.08999483,0.45165458,-0.41138387,-0.61334175,-0.3359474,0.6647211,-0.1511909,0.87328243,0.6464372,0.758461,0.56916934,-0.34433895,0.87973505,0.06513019,-0.053200636;
0.9495199,0.52634805,0.6757855,0.5318192,0.52298015,0.73579305;
0.5147048,0.09073126,0.08894241,0.61624014,-0.7348911,0.86877626,1.0895512,0.05614303,-0.29320824,0.30825663,0.43952736,0.48688608,-0.018936407,0.5724869,0.8676435,-0.18398577,-0.21472803,0.37346748,0.0027718954,0.6567126,0.29550484,0.13870837,0.6225016,-0.12965293,1.239794,0.8616991,-0.8099392,0.46984637,0.46308106,0.5097361,0.50457704,0.036990747,0.020824753,0.42858103,-0.042670857,0.89233774;
0.58510786,0.2045472,1.0294636,0.9309604,0.106629364,0.73089296;
0.365093,-0.33434308,0.79823065,0.75091636,0.78382564,0.8252504,0.015431143,0.30345848,0.061604023,0.39971113,-0.27093282,0.73015374,0.4494453,0.20961307,0.71355146,1.0379599,1.1337268,0.71512353;
-0.53596795,0.07794643,-0.5422781;
0.09573026,0.9292417,-1.0329622;
----END OF STRUCTURE----
